Starting output center of mass
( 0.0162792, 4.14186e-18, -0.0788392 )
( 0.0162792, 4.14186e-18, -0.0788392 )
( 0.0162792, 4.14186e-18, -0.0788392 )
( 0.0162792, 4.14186e-18, -0.0788392 )
( 0.0162792, 4.14186e-18, -0.0788392 )
( 0.0162792, 4.14186e-18, -0.0788392 )
( 0.0162792, 4.14186e-18, -0.0788392 )
( 0.0162792, 4.14186e-18, -0.0788392 )
( 0.0162792, 4.14186e-18, -0.0788392 )
( 0.0162792, 4.14186e-18, -0.0788392 )
( 0.0162792, 4.14186e-18, -0.0788392 )
( 0.0162792, 4.14186e-18, -0.0788392 )
( 0.0162792, 4.14186e-18, -0.0788392 )
( 0.0162792, 4.14186e-18, -0.0788392 )
( 0.0162792, 4.14186e-18, -0.0788392 )
( 0.0162792, 4.14186e-18, -0.0788392 )
( 0.0162792, 4.14186e-18, -0.0788392 )
( 0.0162792, 4.14186e-18, -0.0788392 )
( 0.0162792, 4.14186e-18, -0.0788392 )
( 0.0162792, 4.14186e-18, -0.0788392 )
( 0.0162792, 4.14186e-18, -0.0788392 )
( 0.0162792, 4.14186e-18, -0.0788392 )
( 0.0162792, 4.14186e-18, -0.0788392 )
( 0.0173528, 4.14186e-18, -0.0786914 )
( 0.0173528, 4.14186e-18, -0.0786914 )
( 0.0171558, 4.14186e-18, -0.0787209 )
( 0.0169691, 4.14186e-18, -0.0787477 )
( 0.0168209, 4.14186e-18, -0.0787684 )
( 0.0167063, 4.14186e-18, -0.078784 )
( 0.0166167, 4.14186e-18, -0.078796 )
( 0.0165425, 4.14186e-18, -0.0788058 )
( 0.0164885, 4.14186e-18, -0.0788128 )
( 0.0164412, 4.14186e-18, -0.0788188 )
( 0.0164075, 4.14186e-18, -0.0788231 )
( 0.0163805, 4.14186e-18, -0.0788265 )
( 0.0163602, 4.14186e-18, -0.0788291 )
( 0.01634, 4.14186e-18, -0.0788316 )
( 0.0163265, 4.14186e-18, -0.0788333 )
( 0.016313, 4.14186e-18, -0.078835 )
( 0.0163062, 4.14186e-18, -0.0788358 )
( 0.0162995, 4.14186e-18, -0.0788367 )
( 0.0162995, 4.14186e-18, -0.0788367 )
( 0.0162927, 4.14186e-18, -0.0788375 )
( 0.0162927, 4.14186e-18, -0.0788375 )
( 0.016286, 4.14186e-18, -0.0788383 )
( 0.016286, 4.14186e-18, -0.0788383 )
( 0.016286, 4.14186e-18, -0.0788383 )
( 0.016286, 4.14186e-18, -0.0788383 )
( 0.016286, 4.14186e-18, -0.0788383 )
( 0.0162792, 4.14186e-18, -0.0788392 )
